00000000111111111111111000000000
00000000000000100000011000000000
00000000000001100000111000000000
00000000000011100001111000000000
00000000101010110101010100000001
00000001000000111000001000010000
00000001000001111000001000100000
00000001000011111000001001000000
00000010000000100000010100000010
00000010000001100000110100000010
00000010000011100001110100000010
00000010101010110101010100000010
00000010110000000000010100000001
00000100000000100000010100000100
00000100000001100000110100000100
00000100000011100001110100000100
00000100101010110101010100000100
00000100110000000000110100000001
00001000000000100000010100001000
00001000000001100000110100001000
00001000000011100001110100001000
00001000101010110101010100001000
00001000110000000001110100000001
00010000000000100000011000010000
00010000000001100000111000010000
00010000000011100001111000010000
00010000101010110101011000010000
00010000111111100000010100000010
00100000000000100000011000100000
00100000000001100000111000100000
00100000000011100001111000100000
00100000101010110101011000100000
00100000111111100000110100000100
01000000000000100000011001000000
01000000000001100000111001000000
01000000000011100001111001000000
01000000101010110101011001000000
01000000111111100001110100001000
