00000000000000000000000000000111110000
00000000000000100000010000000111110001
00000000111111111111110000001000110011
11110000000000000000000000000100000000
11110000000000100000010000000100000011
11110000111111111111110000001000110011
00000001000000000000000000000111110001
00000001000000100000010000000111110011
00000001111111111111110000001011100111
11110001000000000000000000000100000001
11110001000000100000010000000100000000
11110001111111111111110000001011100111
00000011000000000000000000000111110011
00000011000000100000010000000111110000
00000011111111111111110000001011100111
11110011000000000000000000000100000011
11110011000000100000010000000100000001
11110011111111111111110000001011100111
00110011000000000000000000001000110011
00110011000000100000010000001000110011
00110011111111100011110000001010101010
11100111000000000000000000001011100111
11100111000000100000010000001011100111
11100111111111100000110000001010101010
